483 752
129 314
567 89
234 645
876 432
345 210
678 543
912 678
111 333
222 444
333 555
444 666
555 777
666 888
777 999
888 123
999 234
123 345
234 456
345 567
456 678
567 789
678 890
789 901
890 112
901 223
112 334
223 445
334 556
445 667
556 778
667 889
778 990
889 101
990 212
101 323
212 434
323 545
434 656
545 767
656 878
767 989
878 110
989 221
110 332
221 443
332 554
443 665
554 776
665 887
776 998
887 109
998 220
109 331
220 442
331 553
442 664
553 775
664 886
775 997
886 108
997 219
108 330
219 441
330 552
441 663
552 774
663 885
774 996
885 107
996 218
107 329
218 440
329 551
440 662
551 773
662 884
773 995
884 106
995 217
106 328
217 439
328 550
439 661
550 772
661 883
772 994
883 105
994 216
105 327
216 438
327 549
438 660
549 771
660 882
771 993
882 104
993 215
104 326
